205
212
263
273
333
334
771
773
775
776
834
844
846
913
922
929
932
946
954
1045
1088
1200
1226
1391
1451
1452
1596
1597
1598
1603
1623
3630
3631
3633
3691
3707
3744
3746
3748
3750
3774
3776
3808
3809
3811
3867
3868
3869
3942
3945
3946
3955
4144
4149
4178
4190
4218
4239
4242
4243
4244
4246
4248
4259
4266
4271
4273
4283
4284
4288
4292
4293
4294
4295
4374
4375
4376
4404
4406
4411
4412
4426
4429
4450
4468
4482
4488
4515
4622
4623
4634
4665
4675
4685
4686
4692
4695
4801
4803
4805
4903
4904
5043
5055
5068
5069
5070
5113
5195
5205
5215
5218
5233
5242
5249
5252
5262
5313
5314
5325
5374
5383
5395
5403
5430
5434
5500
5501
5539
5546
5641
5868
5889
5891
5991
6075
6076
6147
6161
6485
6874
7023
7082
7091
7093
7094
7099
7106
7141
7168
7174
7175
7181
7341
7387
7390
8126
8505
8506
8507
8508
8510
8538
8539
8540
8541
8744
8745
8746
8747
8763
8764
8765
8957
8958
8959
8960
8962
9030
9031
9032
9033
9712
9742
9743
9747
9964
9965
11207
11208
13496
13521
13996
15190
17477
17478
17976
19978
20319
20339
20482
20483
20486
20551
20567
20604
20606
20608
20610
20691
20692
20693
20725
20755
20757
20818
20819
20822
20896
20897
20899
20901
20903
20906
20908
20918
20920
20946
21017
21073
21075
21077
21079
21166
21168
21190
21205
21218
21278
21279
21280
21281
21282
21283
21284
21285
21286
21287
21288
21289
21294
21307
21308
21345
21405
21407
21423
21432
21434
21436
21441
21443
21454
21455
21456
21458
21460
21479
21480
21482
21602
21660
21739
21747
21753
21754
21757
21774
21779
21788
21789
21793
21976
21977
21978
21980
21982
21983
21998
22003
22006
22007
22016
22028
22035
22215
22885
22886
22893
23149
23163
23173
23188
23190
23191
23227
23363
23516
23526
23577
23589
23649
23755
23856
23858
23860
23879
23926
23932
23938
23944
24127
24136
24146
24156
24311
24370
24402
24409
24503
24507
24588
24855
24862
24865
24875
24885
24892
24895
24968
24989
25010
25040
25083
25089
25090
25096
25112
25129
25140
25161
25162
25182
25192
25197
25198
25243
25318
25330
25342
25428
25429
25441
25453
25462
25503
25515
25526
25587
25597
25606
25716
25890
25907
25908
25910
25911
26075
26076
26093
26094
26118
26128
26287
26290
26328
26332
26345
26349
26396
26400
26405
26407
26409
26450
26451
26452
26453
26538
26617
26649
26658
26661
26662
26663
26664
26674
26684
26685
26686
26687
26705
26707
26709
26711
26714
26716
26730
26748
26759
26819
26820
26838
26839
26852
26853
26858
26859
26944
26945
26961
26962
26965
26966
26967
26983
26991
26993
27007
27037
27061
27062
27063
27064
27081
27095
27096
27097
27098
27100
27101
27106
27111
27122
27123
27124
27125
27126
27129
27130
27131
27134
27141
27142
27144
27145
27147
27148
27149
27183
27193
27200
27203
27227
27286
27288
27303
27305
27307
27314
27315
27335
27343
27345
27355
27363
27365
27440
27448
27465
27471
27475
27484
27485
27489
27493
27528
27559
27659
27687
27688
27689
27698
27699
27719
27733
27744
27745
27748
27754
27756
27758
27760
27842
27880
27881
28021
28036
28037
28039
28044
28056
28057
28059
28070
28072
28074
28076
28396
28416
28429
28496
28497
28498
28499
28583
28584
28627
28629
28630
28632
28633
28634
28635
28681
28691
28732
28813
28895
28896
28897
29046
29115
29335
29341
29470
29479
29491
29523
29524
29525
29526
29528
29534
29535
29562
29623
29630
29631
29650
29651
29652
29653
29654
29655
29656
29657
29658
29659
29660
29661
29662
29663
29664
29665
29666
29667
29668
29669
29670
29671
29672
29673
29674
29675
29676
29677
29692
29882
29922
29947
29949
29950
29951
29973
29975
29976
29977
30004
30006
30007
30008
30017
30019
30151
30153
30155
30156
30162
30164
30166
30167
30173
30176
30316
30335
30338
30346
30350
30378
30379
30400
30418
30444
30450
30467
30470
30471
30472
30473
30475
30477
30478
30483
30539
30541
30566
30568
30594
30596
30624
30625
30626
30627
30628
30635
30663
30691
30755
30776
30783
30785
30788
30789
30847
30868
30889
30891
30894
30897
30909
31107
31117
31130
31132
31134
31141
31153
31155
31157
31163
31168
31174
31176
31178
31180
31182
31184
31186
31195
31197
31201
31207
31403
31404
31422
31497
31602
31611
31685
31729
31738
31750
31761
31769
31796
31800
31830
31840
31850
31851
31854
31865
31872
31972
31981
31988
31991
31993
32003
32013
32062
32064
32066
32197
32217
32358
41295
42082
42341
44404
44408
45472
48568
49144
49455
49571
50080
50081
50134
51409
51464
52449
52450
52590
52625
52642
52677
52681
52717
52718
52719
52748
52764
52765
52766
52767
52768
52769
52770
52771
52826
52832
52851
52864
53090
53105
53114
53115
53126
53272
53296
53300
53303
53304
53305
53313
53371
53372
53441
53466
53467
53468
53544
53555
53556
53643
53719
53776
53813
53826
53988
53990
54050
54055
54068
54158
54166
54167
54168
54471
54558
54559
54560
54567
54583
54630
54821
54823
54824
54825
54826
54827
54828
54829
54830
54831
54832
54833
54834
55635
55643
56185
56186
56187
56188
56189
56190
56391
56582
56583
57408
58217
58218
58221
58247
58268
58378
58689
58690
58691
58692
59046
59047
59048
59049
59050
59072
59073
59074
59075
59076
59077
59078
59079
59080
59081
59100
59159
59459
59460
59503
59504
59792
59815
60069
60072
60073
60075
60218
60445
72447
72486
74439
74440
74446
74675
74676
74682
74692
74693
78877
79329
79334
79337
79843
79844
79849
79854
79855
79856
79857
80358
81672
81682
81684
82578
83752
84212
84220
84813
84878
85267
87095
87096
87097
87098
87827
87831
88891
88892
88894
89351
89456
89715
90951
91533
91753
91758
92121
92122
92165
92167
92176
92351
92766
93597
94761
94762
94763
94764
94765
94766
94767
94768
94769
94770
94771
94772
94773
94774
94775
94776
94777
94778
94779
94780
94781
94784
94785
94786
94790
94791
94792
94793
94794
94795
94797
94798
94803
94804
94808
94861
95396
95397
95398
95399
95400
95401
95402
95408
95414
95443
95451
95478
95483
95490
95578
95596
96122
96252
96253
96338
97034
97128
97130
97133
97303
97326
97340
97341
97613
97614
97800
97808
97809
97812
97813
97820
98135
98148
98441
98442
98445
98446
98447
98449
98453
98456
98457
98458
98460
98461
98462
98464
98465
98466
98467
98481
98546
98549
99501
99502
99503
99504
100004
100046
100119
100605
100762
100764
101764
101765
101778
103148
103161
103165
106346
110412
110860
110861
110869
110901
111068
111071
111083
111084
111085
113585
113586
114406
114407
114408
114409
114410
114411
114412
114413
114414
114415
114417
114420
114521
114966
114967
114968
114969
114970
115172
115496
115505
115713
115714
115715
115716
115717
115718
116281
119232
119233
119234
119235
119236
119240
119241
119393
119398
119401
119574
119658
119671
120472
120473
120474
120475
120476
120477
120548
120899
121100
121158
121160
121162
121164
121534
121566
121568
121570
121572
121643
121746
121781
121803
121805
121895
121896
121899
121951
121974
121976
121978
121980
122016
122018
122074
122089
122119
122122
122124
122259
122260
122263
122328
122344
122381
122383
122385
122387
122439
122440
122441
122442
122443
122444
122445
122446
122447
122448
122449
122453
122498
122501
122801
122807
122843
122855
123132
123133
123138
123139
123140
123141
123142
123143
123144
123145
123146
123152
123153
123305
123361
123371
123436
123463
123500
123589
123647
123970
123995
124015
124016
124017
124182
124183
124186
124251
124267
124304
124306
124308
124310
124376
124404
124405
124406
124450
124466
124489
124491
124555
124556
124559
124633
124634
124636
124638
124640
124643
124645
124655
124657
124722
124723
124726
124857
124935
124938
124939
125102
125103
125104
125105
125106
125107
125173
125254
125302
125309
125310
125311
125312
125372
125373
125374
125375
125376
125377
125378
125379
125380
125381
125382
125383
125384
125385
125386
125387
125388
125425
125426
125429
125430
125431
125468
125487
125513
125539
125574
125576
125578
125580
125582
125586
125743
125769
125787
125788
125789
125908
125910
125912
125914
125918
125919
125921
125924
126086
126108
126109
126114
126116
126121
126122
126123
126124
126125
126134
126136
126138
126146
126148
126150
126157
126184
126186
126187
126189
126195
126196
126198
126237
126279
126280
126283
126377
126430
126432
126434
126436
126584
126585
126589
126590
126591
126598
126645
126704
126722
126723
126724
126726
126730
126731
126753
126754
126756
126782
126784
126827
126838
126867
126870
126872
126908
126909
126910
126911
127306
127307
127308
127309
127310
127311
127312
127313
127324
127544
127604
127639
127640
127643
127650
127651
127652
127653
127654
127655
127656
127657
127658
127659
127660
127661
127662
127663
127664
127665
127666
127667
127668
127669
127670
127671
127672
127673
127674
127675
127676
127677
127678
127679
127680
127683
127707
128142
128208
128210
128212
128214
128258
128282
128283
128376
128410
128451
128454
128456
128483
128488
128489
128490
128496
128498
128501
128503
128505
128507
128509
128511
128513
128515
128517
128519
128520
128522
128523
128525
128527
128529
128531
128533
128534
128536
128552
128553
128558
128560
128562
128563
128617
128619
128620
128621
128622
128629
128631
128633
128635
128637
128639
128641
128738
128876
128983
128984
128986
129022
129030
129065
129067
129069
129071
129096
129114
129184
129186
129247
129339
129372
129394
129395
129410
129430
129432
129433
129450
129473
129478
129479
129480
129481
129494
129498
129499
129500
129506
129510
129512
129514
129515
129516
129526
129643
129658
129729
129738
129763
129776
129789
129791
129792
130019
130034
130048
130089
130107
130117
130125
130127
130137
130269
130305
130418
130425
130766
